GAGE,11
68122,11
CURRY,11
TULSA,11
CARTER,11
MANATI,11
2024765000,11
2038764000,11
2054599100,11
2054817000,11
2069872000,11
2072885081,11
2074983111,11
2077943321,11
2102712188,11
2152447400,11
2257639900,11
2293331020,11
2293770251,11
2294247100,11
2318323271,11
2488985000,11
2489648800,11
2515753111,11
2524494500,11
2543863151,11
2605692160,11
2699838300,11
2709882299,11
2766943151,11
2815160911,11
2815257000,11
3027331000,11
3036952600,11
3044425151,11
3044571760,11
3044698600,11
3083245651,11
3083442650,11
3084232204,11
3087544421,11
3087626660,11
3087842261,11
3088362228,11
3088657100,11
3088827111,11
3089282151,11
3095434431,11
3095825301,11
3133431000,11
3153387000,11
3154822511,11
3154931000,11
3158241100,11
3162685000,11
3164625326,11
3167967800,11
3186496111,11
3205891313,11
3207488200,11
3214348000,11
3232262800,11
3368327000,11
3374702000,11
3407786311,11
3527518000,11
3617611501,11
4017694100,11
4022692011,11
4023585700,11
4023762525,11
4023853083,11
4023952191,11
4024849090,11
4025692451,11
4025824245,11
4027293351,11
4027465600,11
4027472031,11
4027483393,11
4027593167,11
4028262102,11
4028522231,11
4028793281,11
4028874151,11
4029932283,11
4042654000,11
4046164252,11
4046868500,11
4048518000,11
4052622640,11
4052826700,11
4054862100,11
4056028100,11
4056286000,11
4056313085,11
4056349300,11
4057523754,11
4059361500,11
4063386157,11
4066382626,11
4097873300,11
4109559540,11
4135822000,11
4153532733,11
4159257900,11
4173357000,11
4179347000,11
4192247586,11
4195924015,11
4234952525,11
4237875000,11
4248356808,11
4342004789,11
4343928811,11
4344473151,11
4698396778,11
4784723100,11
4786331000,11
4786542000,11
4792537400,11
4803586100,11
5012022000,11
5012197000,11
5013641100,11
5034137682,11
5035615200,11
5072388101,11
5075263273,11
5078312400,11
5086793131,11
5122058102,11
5123270000,11
5132983000,11
5135841000,11
5136863000,11
5165626000,11
5204242060,11
5302256102,11
5407411100,11
5407419000,11
5407434561,11
5409817000,11
5415236461,11
5418817000,11
5702652191,11
5737296626,11
5738832751,11
5754723417,11
5802290701,11
5802525300,11
5806237211,11
5807725551,11
5809285541,11
5859612000,11
6013518023,11
6016832031,11
6027956020,11
6027977700,11
6033565461,11
6063876421,11
6073354111,11
6075307121,11
6077336541,11
6077563500,11
6077636000,11
6077768500,11
6077985111,11
6078652188,11
6122733000,11
6152222111,11
6162527200,11
6185242176,11
6206626000,11
6512675000,11
6603354700,11
6606862111,11
6609472411,11
6702348950,11
6788435720,11
7063567800,11
7065172031,11
7137901234,11
7137902221,11
7157488100,11
7163264921,11
7168598620,11
7186925302,11
7242257000,11
7278481733,11
7318852410,11
7347641505,11
7404255101,11
7573128121,11
7704002300,11
7705353553,11
7709183000,11
7709918160,11
7757263171,11
7817445100,11
7855622311,11
7857382266,11
7857762831,11
7858894272,11
7877540909,11
7877548500,11
7877568535,11
7877571800,11
7877586420,11
8023884701,11
8097768311,11
8128974800,11
8287654201,11
8288835302,11
8565754500,11
8602245011,11
8603644228,11
8705844111,11
8709463571,11
9062656121,11
9068848000,11
9072245205,11
9122872500,11
9123508000,11
9123757781,11
9167338999,11
9182278601,11
9182865000,11
9182873232,11
9183076000,11
9183337200,11
9183768000,11
9183885701,11
9183922780,11
9184942200,11
9187443131,11
9189948100,11
9193502550,11
9193508000,11
9286747001,11
9287376000,11
9375213900,11
9513532000,11
9565441400,11
9702473537,11
9708249411,11
9784662000,11
9797313100,11
9853452700,11
9856465000,11
RICHARDSON,11
Measure Name,0
Pressure sores,4376
Serious complications,4376
Serious blood clots after surgery,4376
Blood stream infection after surgery,4376
Broken hip from a fall after surgery,4376
Collapsed lung due to medical treatment,4376
Infections from a large venous catheter,4376
Accidental cuts and tears from medical treatment,4376
Rate of complications for hip/knee replacement patients,4374
A wound that splits open  after surgery on the abdomen or pelvis,4376
Deaths among Patients with Serious Treatable Complications after Surgery,4376
,11
